  p      tol   path s   maxacc   maxf1     auc    aupr  supp==1e-10
 10    1e-10     1.33   0.8556  0.4800  0.6969  0.3741        1.000
 10    1e-08     0.91   0.8556  0.4800  0.6964  0.3630        0.990
 10    1e-07     0.61   0.8556  0.4800  0.6964  0.3630        0.960
 10    1e-06     0.34   0.8556  0.4800  0.6911  0.3744        0.710
 10    1e-05     0.15   0.8556  0.4800  0.7427  0.4361        0.560
 20    1e-10     9.18   0.8921  0.4375  0.8021  0.3089        1.000
 20    1e-08     5.10   0.8921  0.4375  0.8019  0.3089        0.940
 20    1e-07     2.64   0.8921  0.4375  0.8084  0.3136        0.860
 20    1e-06     1.12   0.8921  0.4375  0.8041  0.3132        0.660
 20    1e-05     0.43   0.8921  0.4341  0.7929  0.3116        0.520
 30    1e-10    10.17   0.9368  0.4444  0.7455  0.3529        1.000
 30    1e-08     6.49   0.9368  0.4444  0.7453  0.3529        0.950
 30    1e-07     2.62   0.9368  0.4444  0.7452  0.3529        0.790
 30    1e-06     1.89   0.9368  0.4444  0.7453  0.3530        0.670
 30    1e-05     0.88   0.9368  0.4444  0.7408  0.3544        0.630
 40    1e-10    13.74   0.9564  0.3681  0.8356  0.2881        1.000
 40    1e-08     6.73   0.9564  0.3681  0.8356  0.2881        0.910
 40    1e-07     3.41   0.9564  0.3681  0.8356  0.2881        0.730
 40    1e-06     2.35   0.9564  0.3681  0.8344  0.2881        0.620
 40    1e-05     0.78   0.9564  0.3681  0.8419  0.2898        0.430

[exited with code 0]
